L_Vol = 0.635669 
L_Std = 0 
L_Light_Vol = 0.480588 
L_Heavy_Vol = 0.635669 
R_Vol = 0.67273 
R_Std = 0 
R_Light_Vol = 0.528682 
R_Heavy_Vol = 0.67273 
LR_Vol = 0.499959 
LR_Std = 0 
LR_Light_Vol = 0.372252 
LR_Heavy_Vol = 0.499959 
