L_Vol = 3.90778 
L_Std = 0 
L_Light_Vol = 2.10682 
L_Heavy_Vol = 3.90778 
R_Vol = 3.31384 
R_Std = 0 
R_Light_Vol = 2.15881 
R_Heavy_Vol = 3.31384 
LR_Vol = 3.0079 
LR_Std = 0 
LR_Light_Vol = 1.93562 
LR_Heavy_Vol = 3.0079 
