L_Vol = 3.78625 
L_Std = 0 
L_Light_Vol = 2.22549 
L_Heavy_Vol = 3.78625 
R_Vol = 5.22752 
R_Std = 0 
R_Light_Vol = 2.10651 
R_Heavy_Vol = 5.22752 
LR_Vol = 2.80936 
LR_Std = 0 
LR_Light_Vol = 2.12553 
LR_Heavy_Vol = 2.80936 
